500 pieces; 12, 12, 3, 1, 1, 1
maxrun = 5
0 0 0 0
0 1 2 0
0 2 1 0
0 0 0 0

12 6 3 1 1 1 2 1 1 3 6 1 3 1 2 1 2 2 2 1
1 2 1 2 1 3 2 1 1 2 2 1 1 2 2 2 2 3 1 2
1 1 3 1 1 2 1 2 1 12 2 1 2 3 2 1 1 6 2 1
12 2 1 6 2 1 2 1 2 2 3 6 12 1 2 1 1 2 1 24
2 1 2 3 2 1 1 2 1 2 2 1 24 2 1 2 2 1 2 3
3 2 3 1 1 2 12 2 1 1 1 1 2 12 3 2 2 1 2 2
1 1 2 1 2 3 1 3 2 3 2 2 2 12 1 2 2 2 1 1
1 2 12 2 2 1 1 2 2 2 6 2 2 1 1 1 1 2 1 1
2 2 2 1 24 2 24 1 1 1 1 2 24 2 2 2 2 1 1 1
1 12 3 2 3 2 1 2 2 2 2 3 2 1 1 2 2 1 2 1
2 1 2 1 2 3 1 2 1 1 2 6 3 6 3 2 1 1 24 1
2 2 1 12 1 1 1 6 2 1 2 6 2 2 2 2 1 1 1 3
1 1 2 1 1 1 1 2 2 2 2 1 2 1 3 12 1 2 1 2
6 2 2 1 2 3 1 1 1 3 2 2 1 2 3 1 1 2 6 1
1 3 24 1 24 2 3 2 3 2 2 1 3 2 1 2 2 1 2 2
1 2 1 1 2 1 2 1 1 1 3 1 2 2 2 3 6 1 1 2
1 2 2 1 2 2 1 2 6 2 3 2 2 1 1 1 1 2 1 1
2 2 2 2 1 3 1 2 2 1 2 1 2 1 1 2 1 1 3 2
3 1 1 3 2 1 2 2 3 1 2 1 1 2 1 1 24 1 2 2
2 2 2 2 2 1 2 6 1 1 1 1 1 1 2 3 12 1 2 6
1 1 2 1 3 1 2 1 24 2 2 2 2 2 2 3 2 2 1 2
1 1 6 1 2 1 1 2 1 2 1 2 1 1 1 1 3 24 1 12
2 1 2 1 1 3 2 1 1 1 2 1 3 2 1 1 3 2 3 1
2 3 1 24 2 1 2 1 2 1 2 1 2 24 1 2 2 1 2 2
2 2 1 12 2 12 2 2 1 2 2 2 3 2 1 2 3 1 2 12
